0 -113.5590 -14.0729 4.6836 1.8672 -88.80
0 -113.3876 -19.3476 5.2965 1.9444 -88.49
0 -111.8700 -9.5240 5.0297 1.9513 -88.33
0 -110.0163 -15.1362 5.0091 1.9154 -88.47
0 -109.7666 -23.0786 3.6118 1.9669 -88.70
0 -103.6755 -51.1809 4.3831 2.0282 -54.87
0 -93.2858 -57.1334 4.8604 2.0862 -37.56
0 -90.3722 -55.3017 4.5296 2.0834 104.50
0 -98.8837 -39.0115 4.0264 1.8388 117.81
0 -103.4613 -45.1163 3.8671 2.0011 -60.40
0 -77.4961 -60.6310 5.5168 1.8383 164.82
0 -76.1844 -68.0060 3.9860 1.7968 -4.00
0 -72.0091 -61.3951 4.8707 1.8575 172.97
0 -72.1621 -57.8405 4.9940 1.8071 170.51
0 -73.6786 -64.8766 4.1224 1.8649 -5.91
0 -77.9139 28.1428 4.5672 2.0133 -179.30
0 -82.7303 27.9040 4.9017 2.0610 -177.92
0 -77.3672 24.3967 5.5165 2.1898 -178.07
0 -71.6179 28.0178 4.4448 1.8892 -179.89
0 -83.2474 24.4294 4.3318 1.9054 -179.96
0 -72.0336 24.4215 4.9828 2.0253 -178.82
0 -74.6611 27.9738 2.4599 1.3295 -178.64
0 -54.0975 20.3333 4.4256 1.5602 145.81
0 -87.6100 27.7949 4.8363 1.9788 -177.11
0 -88.2336 24.5626 5.7912 2.2801 176.73
0 -41.7409 -32.9746 3.9628 1.8417 91.10
0 -45.2525 -32.2784 4.2024 1.7994 91.52
0 -48.4918 -42.1038 4.1638 1.6986 -90.83
0 -37.3515 -36.4135 4.2954 1.3847 96.26
