0 -71.6759 28.0011 4.7459 2.0084 179.29
0 -81.9912 16.4978 4.5773 2.0202 1.13
0 -72.2251 24.4131 5.3626 2.0250 -177.00
0 -81.4511 12.9998 5.1816 1.9030 -1.01
0 -41.6838 -34.6535 5.0765 2.0576 90.27
0 -41.7207 -29.7487 4.7512 2.0087 88.99
0 -45.2387 -33.5222 4.9499 2.0360 90.76
0 -41.7014 -39.9342 5.0109 1.9933 90.80
0 -45.1430 -38.8056 5.1448 1.9610 88.95
0 -41.7406 -24.8327 5.0402 2.0914 88.44
0 -41.7551 -20.2472 4.9883 2.1801 87.11
0 -114.0740 20.7564 5.1000 2.0066 -92.42
0 -110.1971 -3.3563 5.2580 1.9991 -88.60
