0 -71.6804 28.0094 4.7692 2.0186 179.34
0 -81.9848 16.4674 4.5713 2.0122 0.78
0 -72.2234 24.4196 5.3661 2.0081 -177.18
0 -81.4198 13.0344 5.2545 1.8890 -0.38
0 -41.6793 -34.6436 5.0838 2.0549 90.16
0 -41.7150 -29.7608 4.7353 2.0064 88.80
0 -41.6992 -39.9239 5.0160 1.9890 90.72
0 -45.2353 -33.5226 4.9502 2.0177 90.85
0 -45.1486 -38.8125 5.1399 1.9625 89.00
0 -41.7400 -24.8365 5.0110 2.0875 88.28
0 -41.7436 -20.2710 4.9043 2.1566 87.53
0 -113.9949 27.0759 4.4740 2.0453 -87.15
0 -110.3132 -0.0305 5.3605 2.0884 -92.62
