0 -71.6772 28.0031 4.7291 2.0125 179.31
0 -81.9741 16.4905 4.5771 2.0237 0.78
0 -72.2259 24.4141 5.3644 2.0248 -177.05
0 -81.4494 13.0013 5.1836 1.9019 -0.93
0 -41.6838 -34.6536 5.0767 2.0575 90.27
0 -41.7203 -29.7498 4.7494 2.0086 88.97
0 -41.7014 -39.9342 5.0109 1.9934 90.78
0 -45.2390 -33.5227 4.9494 2.0354 90.76
0 -45.1429 -38.8068 5.1419 1.9612 88.96
0 -41.7403 -24.8330 5.0402 2.0906 88.41
0 -41.7559 -20.2525 4.9816 2.1767 87.17
0 -113.9977 18.1068 5.1786 2.0147 -90.99
0 -110.1628 -4.6680 5.1395 1.8640 -87.89
